2,13,41,90,249,572,922,1211,1856,2969,4653,8079,15220,30610,53370,57171,47464,32824,20714,12273,6190,3235,3026,6878,21998,589970,2525,4144,8956,21710,38583,51266,53923,49676,36723,20501,8606,2999,811,146,14,2,0,0,3,21,142,783,3500,12509,33082,570975,143573,65062,34696,20230,13424,9360,6182,3772,2180,1149,542,283,106,61,91,246,480,1060,2044,3393,5524,6853,10387,15419,22481,553002
2,14,29,70,156,341,626,1056,1864,3136,5120,8820,15646,25870,40574,52079,51754,37034,21789,13701,7312,4175,3824,8061,24651,593896,1918,2894,6086,13507,33094,51604,57022,53323,38810,21974,9185,3203,783,153,23,1,0,0,4,22,131,724,3331,11924,34789,577095,126702,65892,37234,22840,15320,10668,6935,4101,2082,1034,449,217,79,44,84,237,479,1013,2040,3256,5315,7128,10754,16307,23855,557535
7,21,51,156,350,673,1180,1678,2335,3456,5114,7965,14120,26522,50426,59635,48066,32098,20012,11074,4481,2238,1952,4616,14550,608824,1581,2771,7590,20344,33901,49219,58391,54404,37298,17396,6559,2163,496,86,9,1,0,0,0,10,81,414,2134,8410,23334,595008,135152,68242,38253,20093,12236,7951,5059,2768,1347,647,291,111,44,25,62,171,378,734,1400,2369,3750,4789,7266,10618,14763,583081
0,17,86,220,578,1156,1969,3120,4473,6875,9976,14604,22533,31786,49611,68047,58468,38294,19510,8887,3633,1749,1625,4124,13770,556489,2694,4995,10105,29522,59437,67980,63478,50988,33942,15162,5508,1850,457,90,11,1,0,0,0,23,93,442,1898,7113,19893,545918,179549,79804,38491,19935,11882,7337,4542,2584,1207,477,249,105,52,23,49,162,325,731,1309,2012,3085,3907,6122,9487,13687,534487
1,8,68,228,555,974,1446,2145,2955,4079,5761,9069,13981,26003,47207,66028,65213,49689,27823,11722,4411,2059,1940,4933,16006,557296,2186,3593,7124,18378,38787,69548,75811,61471,38924,17019,6517,2123,516,88,11,1,0,0,1,14,106,473,2219,8475,24143,544072,163736,87673,39135,20488,12572,8210,5000,2820,1404,592,274,123,58,32,57,160,359,881,1545,2391,3706,4862,7269,10878,16212,531163
11,90,342,707,1225,1714,2618,5308,5633,7936,11196,17219,30899,55688,71435,56776,27686,12363,4357,1582,629,276,490,1891,7853,595676,7675,14122,37841,64154,63410,49408,33338,23978,13443,5567,1973,592,136,35,4,0,0,0,3,16,62,274,1202,4547,11887,587933,194161,64048,25046,12157,7246,5206,4588,1908,887,302,92,27,5,7,20,58,152,368,685,959,1534,1992,3163,5633,8845,582511
0,63,238,480,965,2285,4155,6126,7998,12174,21780,32666,48880,73668,58702,35537,15411,7335,2620,884,273,90,136,822,4512,583800,11365,28785,42742,73618,70162,43926,30800,18778,8367,2716,778,230,52,5,0,0,0,0,0,0,2,32,233,1047,4718,583244,240090,61360,14705,5026,3938,3361,2111,1055,476,151,46,2,2,1,3,16,14,30,65,104,245,439,942,2315,4810,580293
1,83,319,583,981,1509,2269,4465,6075,7097,10138,17090,31347,53621,72306,62429,32165,10270,2745,738,221,80,262,1258,5444,598104,6267,12291,36149,67951,67031,46226,34168,23633,14731,5722,1744,479,90,15,4,0,0,0,0,7,19,128,703,2820,8428,592994,201026,64719,23040,10127,5674,4195,4306,2105,936,279,72,12,9,3,15,47,99,207,435,566,856,1139,1980,3933,6622,589198
5,115,458,972,2556,5880,7743,7202,7736,9620,11963,16037,26367,35113,39414,34639,22281,11218,4704,1596,596,290,554,1876,7087,665578,7828,19014,27199,44278,44051,36710,27365,19781,12180,5309,1946,612,144,24,3,2,0,0,0,7,39,272,1193,4303,11059,658281,154866,45204,19284,10152,6702,4528,2895,1590,719,298,126,49,26,11,10,44,111,281,699,1187,1680,1971,2889,4780,8216,653282
5,62,288,599,1121,1811,3245,6635,11089,14205,17168,20557,25618,30437,37099,42663,38214,23177,10846,4266,1441,610,917,2843,9454,617230,6349,15078,37717,54340,43090,40744,36578,28605,16555,7872,3003,912,208,38,2,0,0,0,0,13,82,320,1437,5566,14764,608327,178688,53104,24924,13330,8070,5392,3674,2175,1115,399,149,46,21,12,29,69,178,418,805,1320,2172,2708,4262,6738,10324,601478
0,6,32,113,634,1695,2784,3226,4432,6553,10208,18707,35275,75752,149379,197626,182126,129109,83853,47060,21459,10212,8182,16567,52644,1015966,3611,8847,19517,55950,133219,196419,196923,161462,118264,58904,21177,7186,1758,352,54,1,0,0,4,35,303,1681,7438,26776,74378,979341,421053,266784,139554,64826,36123,22945,14786,8624,4529,2349,1277,534,213,108,164,477,993,2051,4116,6992,11520,15318,23521,35062,52162,937519
5,58,237,668,1846,3553,6324,8768,11436,15223,21992,41245,96657,150821,198527,185918,121850,67468,32359,11143,4801,2007,1654,5055,20551,1063434,5267,20510,38901,98952,193643,196501,138593,107894,95670,64298,16016,5518,1361,234,33,0,0,0,1,4,62,447,2015,8538,28405,1050737,632139,200644,77286,31604,17112,10800,7062,3972,1712,659,256,103,44,41,90,242,440,833,1567,2263,3628,4896,7716,13366,21714,1033411
9,77,329,844,1888,3056,4263,4730,5166,6971,11169,17502,38265,84812,139866,182120,155869,99368,54332,25630,9494,4267,4283,12620,49851,1156819,4965,12295,25101,75437,152479,164800,139378,114589,92077,45785,16391,5746,1495,288,45,1,0,0,0,15,128,791,4078,17249,59544,1140923,391527,235284,113930,47016,24683,16066,10364,6134,3273,1457,696,314,105,41,110,242,570,1206,2502,4254,7232,10031,16214,27507,48217,1104625
0,0,8,36,160,669,1721,3527,4705,5345,9785,25715,47505,76329,122701,113084,41926,6066,1406,323,62,77,456,2449,11737,1597808,108,910,4234,11094,24380,59851,105740,107220,84612,45136,12659,3993,976,138,25,0,0,0,0,0,6,92,593,3425,15198,1593210,346635,58840,24995,11765,6603,5046,3511,2086,1048,368,124,42,13,9,23,91,158,314,540,842,1574,2239,3877,7170,12955,1582732
0,1,0,4,67,172,413,994,2013,3185,6833,15524,36332,73529,109371,139702,118226,77048,27832,5754,1665,717,1259,4872,19767,1428320,9,108,1170,7293,16927,53319,108560,189345,153305,65312,16816,5539,1261,223,18,0,0,0,0,0,20,185,1276,6214,25395,1421305,382577,140111,48306,21909,10748,6649,4219,2432,1307,563,230,108,37,28,62,167,312,641,1128,1816,3194,4477,7352,12335,19770,1403122
0,1,0,40,181,544,1347,2540,3951,6405,18213,41280,69771,117437,182899,204599,145247,79208,24057,5360,1567,675,1416,6345,27471,1133046,14,518,6286,20971,41623,101795,163923,226034,200654,106311,26009,8619,2006,323,50,2,0,0,0,0,21,235,1518,8437,35395,1122856,623033,161556,58016,26409,14763,9039,5861,3392,1662,799,362,165,79,24,74,241,473,826,1498,2364,4264,6118,10296,17079,28699,1096508
0,0,3,9,111,366,899,1196,2003,3884,13333,30862,51839,86848,142564,171491,126969,56403,13992,3781,1099,485,1141,5067,21392,1337863,10,381,1342,14512,25344,71192,128453,182762,160101,93608,21290,7011,1623,286,27,1,0,0,0,2,16,195,1259,6659,27445,1330081,486429,122137,47953,22633,11890,7256,4676,2675,1274,607,256,121,36,24,81,220,362,720,1237,1927,3291,4709,7695,13153,21937,1310301
696,2109,4213,6319,10453,16389,19636,19465,14134,12501,14781,21093,28157,46827,60822,73666,65583,40708,13504,2840,856,374,1143,6338,30576,1560417,1003,4912,10475,24777,45785,56308,60515,68343,89183,82306,22210,7009,1809,280,35,5,0,0,0,0,13,182,1201,7108,31282,1558859,288140,51113,24029,19333,22294,22068,19666,14343,7916,3989,1505,436,106,40,75,168,280,512,924,1502,2521,3752,6363,12977,29251,1540297
954,6913,5991,4788,8541,10276,10162,10640,14695,13902,17574,36643,76616,127005,144926,122993,55868,18911,4939,1441,422,245,759,3943,18142,1356311,374,2420,13578,34432,64078,100337,110000,127757,138237,81045,16026,4845,1018,147,19,0,0,0,0,0,13,130,914,5473,23214,1349543,437284,138733,34270,21623,15956,13373,11371,8247,6246,4342,2165,576,113,30,44,118,311,479,877,1311,2189,3214,5465,10138,20338,1334787
2519,3407,3505,2476,1702,2775,5453,8182,10189,8856,9219,12099,19015,38343,76496,115395,96831,66419,31426,9278,2584,1119,1614,6023,27654,1511021,1203,4847,7428,15779,28320,47818,61894,102985,147280,81946,19631,6348,1494,265,30,1,0,0,0,0,13,207,1352,7180,32192,1505387,287391,111417,48134,19596,15782,13998,12215,8550,5903,2647,1156,341,125,35,84,182,342,648,1192,2026,3526,5244,8683,15196,29389,1479798
48,342,1183,4210,11497,17529,15716,8341,3884,1430,297,59,10,0,0,0,0,0,0,0,0,46,287,1665,7799,847257,3,17,83,481,1738,5604,11918,14341,13169,9870,5161,1769,327,59,5,1,0,0,0,0,0,10,103,907,4854,851180,12979,6722,7258,14661,9337,6002,3969,2386,904,263,56,7,2,0,0,2,6,5,34,98,247,605,1428,3298,8111,843220
94,339,1182,2689,6152,11652,11960,7934,3521,1192,259,50,3,0,0,0,0,0,0,0,3,32,249,1581,7060,865648,7,54,153,663,1535,3461,7844,10964,9097,6748,4754,1407,297,41,2,0,0,0,0,0,0,10,93,850,4488,869132,11570,5673,5071,6121,5111,4865,4103,3069,1120,279,41,4,0,0,0,0,0,6,31,90,233,520,1264,2918,7401,862110
128,526,1673,3536,8714,13113,11063,7233,3647,1329,328,51,7,0,0,0,0,0,0,1,0,30,289,1489,7324,861119,8,62,192,812,1848,4335,7753,10111,8582,7677,6724,2580,552,105,6,1,0,0,0,0,0,7,97,780,4364,865004,16964,8453,4898,5289,6176,5110,2718,1131,428,136,36,9,0,0,1,2,6,27,63,136,328,723,1449,3081,7551,856885
76,242,963,2194,3726,5644,7088,6143,3611,1489,362,70,12,0,0,0,0,0,0,0,2,24,277,1507,7293,880877,14,53,157,535,1132,2168,3753,5075,6271,5927,4464,1637,363,65,5,1,0,0,0,0,0,5,139,993,5346,883497,12432,4948,3199,2463,2519,2392,1892,1078,475,163,48,9,2,0,0,1,8,20,45,126,262,583,1336,3355,8295,875949
47,236,924,3064,5204,7348,8040,6034,3584,1508,433,64,8,0,0,0,0,0,0,0,1,34,238,1395,6646,876792,3,26,112,552,2288,3899,4650,4232,4921,6423,6018,2668,593,98,11,0,0,0,0,0,0,13,90,781,4379,879843,13295,6806,4539,4369,3191,1831,1276,702,330,101,45,8,1,0,0,3,9,19,82,144,372,718,1488,3373,7461,871437
221,970,3866,10264,21963,26731,32553,40981,46495,24584,7087,1408,192,17,4,0,0,0,0,0,1,46,659,4472,22112,1828974,67,365,1302,4482,10181,19517,22188,26482,33553,44453,39361,12359,2627,366,31,2,0,0,0,0,1,29,320,3097,17167,1835650,80562,44788,29983,18661,13611,11786,9387,5486,2246,623,174,26,2,2,2,15,59,174,441,928,1979,3802,7374,14227,28026,1799236
67,293,1090,4083,8482,14318,19525,30832,39596,22590,6659,1325,200,16,0,0,0,0,0,0,0,33,504,3559,17800,1902628,28,146,534,1710,4693,7946,12384,15240,24035,37347,33015,9643,2033,292,29,1,0,0,0,0,0,18,297,2701,14864,1906644,41490,40457,27455,14860,10505,6294,3962,2277,1121,453,159,35,8,1,3,20,39,145,398,843,1925,3597,6753,12394,23138,1875268
139,658,2828,8564,15428,20094,28335,48766,68859,34695,10558,2094,303,18,0,0,0,0,0,0,1,58,799,5816,29292,1796295,52,374,1237,3943,9971,13567,16848,20735,34579,64198,54393,17122,3754,531,34,1,0,0,0,0,0,32,475,4357,24276,1803121,80747,57765,43153,23117,13936,9492,6405,3751,1894,759,257,47,15,4,3,25,57,240,655,1471,3205,5879,11347,20594,37566,1751216
5,18,72,173,237,474,1594,3103,5104,3491,1126,249,45,0,0,0,0,0,0,0,0,11,112,896,4562,900328,1,16,55,157,248,270,534,1631,3077,5195,3321,936,219,28,3,0,0,0,0,0,0,6,88,726,4130,900959,2496,3237,2819,2100,1621,1307,979,670,289,127,38,7,1,0,0,2,9,10,23,78,239,529,1313,2920,6332,894454
217,718,2457,4636,6318,9507,13850,14837,8498,3162,1266,1601,243,9,0,0,0,0,0,0,2,35,291,1998,9353,842602,26,167,592,1654,3731,4968,6159,7780,11243,13790,11852,4300,904,137,16,0,0,0,0,0,0,11,117,1111,6153,846889,32656,12490,6188,4655,3932,3130,2252,1276,536,152,45,6,1,0,1,5,13,43,120,220,533,1008,2214,4708,10269,835147
208,760,1981,3463,6024,11059,19313,16365,7750,2684,775,129,14,1,0,0,0,0,0,0,1,24,267,1534,7511,841737,35,160,600,1639,2902,4275,5213,6575,10989,17167,15565,4399,827,170,10,0,0,0,0,0,0,5,117,872,4722,845358,27213,21008,7955,4502,3742,3020,1879,761,308,100,32,4,2,0,1,5,12,41,99,228,487,898,1880,3745,7820,835858
19,191,1446,4303,6705,8869,11032,9262,5097,1987,549,99,20,2,0,0,0,0,0,0,1,19,180,1037,5113,865669,4,17,56,899,3047,4841,5908,6548,7201,8792,8363,3089,678,122,14,2,0,0,0,0,0,4,64,575,3332,868044,24411,9256,4674,3538,3263,2518,1147,499,202,54,17,2,0,0,1,3,2,23,56,145,382,725,1392,2775,6020,860495
18,92,255,760,1657,3233,4583,6052,8784,5168,1492,345,47,1,0,0,0,0,0,0,1,15,153,1259,6342,881343,11,64,220,518,1020,1854,3316,4238,5621,7728,5929,1589,341,37,1,0,0,0,0,0,0,5,117,1005,5451,882535,4685,7212,7178,4541,3239,2472,1592,922,423,159,55,9,0,0,0,1,6,25,74,170,425,995,2071,4289,9153,871904
14,67,266,855,1805,3020,5241,9755,11150,8173,2669,647,104,15,1,0,0,0,0,0,1,18,166,1280,6455,869898,8,52,161,501,1070,1817,3167,5733,8995,10662,8386,2567,545,107,10,1,0,0,0,0,0,8,145,1061,5889,870715,11912,10599,6549,3972,3910,3108,2033,1051,413,160,58,13,4,0,0,4,13,41,95,219,497,981,1966,4187,9092,860723
14,56,191,493,1189,2547,4932,7504,8696,6197,2351,523,85,7,0,0,0,0,0,0,2,14,177,1399,6828,878395,8,51,156,409,763,1529,2595,4734,6804,8761,6387,2094,441,51,2,0,0,0,0,0,1,5,117,1146,6165,879381,4774,7787,7449,4752,3990,2886,1666,851,422,135,57,10,6,0,0,2,12,23,91,205,552,1159,2416,4888,9924,867543
13,68,203,970,2538,4531,9080,18028,12933,5574,1459,299,62,5,0,0,0,0,0,0,2,22,185,1294,6413,857921,7,48,140,439,1322,2471,4328,7430,15549,13729,7689,2085,444,75,7,0,0,0,0,0,0,11,109,973,5244,859500,11818,14616,11683,5361,4172,4074,2192,1125,516,155,40,11,0,0,3,1,10,29,71,156,417,846,1678,3827,8795,850004
10,71,223,700,1912,4447,8238,11506,9785,6103,2010,459,79,9,1,0,0,0,0,0,2,13,156,1173,5619,869084,7,83,208,562,1140,2271,4652,8481,10304,9495,6107,1817,367,52,4,3,0,0,0,0,0,9,113,984,5107,869834,11535,9545,6408,4345,4622,5484,2148,949,360,116,29,11,1,0,1,3,4,15,53,167,400,879,1970,4116,8318,860121
38,155,579,1119,1792,2793,4493,6580,8580,8674,1944,414,60,4,1,0,0,0,0,0,1,10,162,1126,5787,877288,17,104,326,781,1268,1937,2857,4409,6400,8551,8099,1988,429,55,4,1,0,0,0,0,0,6,110,933,5179,878146,12191,8371,5314,3491,2680,2150,1560,941,367,123,30,8,0,0,0,0,9,23,63,147,406,961,2059,4008,8325,868373
8,29,100,458,1437,2460,3054,4764,6766,4518,1215,280,56,4,1,0,0,0,0,0,0,12,121,677,3581,892059,2,25,98,353,787,1495,2199,2935,4764,6186,4516,1438,302,46,4,0,0,0,0,0,0,7,73,553,3119,892698,7139,6943,4179,2423,1778,1273,784,371,160,60,32,6,2,0,0,1,1,18,35,101,292,602,1380,2684,5577,885759
11,84,305,1005,2364,4574,7630,10939,11378,6937,2265,508,78,5,0,0,0,0,0,0,1,19,222,1586,7831,863858,7,58,248,666,1545,2765,5008,7301,10042,10132,7426,2283,530,71,1,0,0,0,0,0,0,10,159,1209,6909,865230,13389,9574,6923,4955,4293,3888,2693,1489,606,201,59,10,3,0,2,7,13,32,100,214,601,1091,2382,4982,10866,853227
247,1052,5174,9938,15739,15060,16454,10673,5727,1439,392,98,8,0,0,0,0,0,0,0,1,21,261,1608,7731,829977,29,212,749,2409,6845,8820,9946,12699,13664,13571,10427,2095,448,84,3,0,0,0,0,0,0,8,133,1056,5757,832645,45068,14816,4819,4652,3504,3657,3243,1446,574,165,42,12,3,0,0,3,6,32,52,112,247,479,1217,3193,8234,826024
254,837,2070,9692,30503,19205,12834,6525,2424,971,274,39,5,0,0,0,0,0,0,0,3,32,341,1900,9285,824406,32,208,740,1606,5726,13174,12416,13614,13250,11637,9493,3009,619,97,12,0,0,0,0,0,1,8,173,1197,6674,827914,39142,14139,3988,6310,10855,6207,2978,1272,468,201,57,16,0,0,1,3,10,22,74,114,276,452,1063,2939,9218,821795
193,596,1914,6146,21646,21792,25217,15343,5346,2122,528,89,13,1,0,0,0,0,0,0,8,34,370,2157,9920,808165,17,180,593,1709,3958,12234,12806,10890,12508,18851,19694,6221,1085,185,14,1,0,0,0,0,0,9,141,1118,6448,812938,51223,17406,5871,5580,9710,7234,2135,1116,449,159,52,11,1,0,2,3,19,45,126,270,542,1013,2118,4503,10055,801957
310,1098,2930,5164,17397,17561,21074,14036,4878,1862,478,83,9,0,0,0,0,0,0,0,7,37,316,1875,8919,823566,38,228,897,2287,4493,11377,13750,9172,8441,14422,16231,4474,915,149,6,0,0,0,0,0,1,11,132,986,5480,828110,29515,18607,6962,5689,9740,9893,4280,1492,484,158,40,16,4,0,0,2,19,33,118,248,473,753,1576,3827,8707,818964
164,607,2077,6044,21739,29018,38953,22915,6592,2264,521,68,7,0,0,0,0,0,0,0,6,38,396,2292,10468,777431,31,180,658,1707,4423,13236,9743,16768,19522,30369,26029,6915,1193,179,15,1,0,0,0,0,0,4,133,1131,6140,783223,53294,32674,9395,9858,13489,6934,3186,1452,478,157,44,6,2,0,1,1,22,40,146,267,542,999,2224,4809,10036,771544
180,777,3529,6281,15152,31575,39549,38332,17165,6045,1539,262,23,1,0,0,0,0,0,1,3,67,572,3439,16164,740944,20,162,570,1923,4829,8687,16078,19022,26807,33471,33830,12195,2403,381,32,0,0,0,0,0,0,8,192,1630,9153,750207,50154,44179,19601,11685,11705,11504,7046,3158,992,283,82,19,2,0,2,5,33,71,234,505,1197,2137,3967,7450,14698,730891
194,731,4239,11529,27154,37005,39438,27229,5517,1548,342,53,4,0,0,0,0,0,0,0,3,26,258,1590,7382,757358,28,178,638,1721,4677,11540,18238,22470,25973,29441,32638,6474,815,141,10,1,0,0,0,0,1,4,99,792,4729,760992,92019,41363,8002,4406,2628,2250,2083,1368,663,167,33,1,0,0,0,3,10,31,116,191,364,619,1339,3186,7747,753011
244,814,2680,6022,12738,17815,28380,22362,7212,2257,533,64,14,0,0,0,0,0,0,0,3,40,381,2059,9422,808560,34,188,712,1828,3465,7198,10908,11201,11986,18441,24540,8789,1587,235,22,1,0,0,0,0,1,7,108,924,5174,814251,46521,24260,7817,5023,5312,6078,3977,1479,477,148,34,8,1,0,1,4,14,51,152,323,611,1057,2037,4079,8274,803862
433,1384,3770,11607,23981,24237,22212,14911,4344,1465,348,54,6,0,0,0,0,0,0,0,8,43,306,1826,8762,801903,30,249,895,2495,6585,15311,11044,15239,17279,20560,13573,4753,616,119,4,0,0,0,0,0,0,10,110,921,4942,806865,38570,21529,7833,11354,13852,8756,4270,1808,561,164,49,5,1,0,0,0,8,28,48,123,277,628,1430,3574,8422,798310
347,1047,2967,6743,18413,21594,21652,14727,5089,1701,414,53,3,0,0,0,0,0,0,0,3,50,443,2392,10569,813393,33,181,683,1705,3489,9917,14531,10229,11427,16305,17078,7444,1441,264,22,1,0,0,0,0,0,8,125,1021,5600,820096,37894,17067,7092,6502,9923,9794,3918,1677,652,178,41,7,4,0,1,8,25,60,176,250,509,933,1949,4064,8861,810015
237,964,4771,7833,10728,18581,22716,20633,13347,3819,937,166,24,1,0,0,0,0,0,0,0,28,180,1104,5499,810032,46,302,955,4486,6933,8106,13041,17625,21963,19275,9427,2122,415,59,2,0,0,0,0,0,0,10,95,684,4096,811958,34709,36265,17846,6205,3711,2803,1821,871,348,139,32,5,2,0,0,1,8,22,92,171,422,745,1521,3493,6636,803732
198,843,4315,6885,8611,9333,13089,14629,10094,3773,833,172,19,0,0,0,0,0,0,0,1,10,132,962,4390,843311,45,241,907,3859,6698,7160,8959,10943,13121,13248,6101,1220,259,31,2,0,0,0,0,0,0,6,80,672,3512,844536,24784,21318,13106,5308,3297,2411,1459,664,299,109,32,6,1,0,0,2,3,14,44,99,256,613,1365,2982,5705,837723
167,744,4140,7982,9179,11294,15574,17657,11477,3554,897,159,21,0,0,0,0,0,0,0,0,13,190,1184,6025,831343,41,258,1036,4167,7217,8441,11091,12655,15217,14606,6359,1441,282,33,1,0,0,0,0,0,0,8,107,873,4928,832839,27730,24871,14404,5796,4102,2668,1669,956,436,156,45,9,3,0,0,1,5,23,59,128,296,700,1613,3576,7764,824590
183,593,1999,6372,12108,17791,31328,33365,14457,4523,1146,178,26,0,0,0,0,0,0,0,1,31,303,2090,9936,785170,51,285,1072,3751,4787,6516,9718,12208,23371,32761,23332,4990,1055,155,16,1,0,0,0,0,0,10,124,1082,6237,790078,33910,42321,25951,8820,6266,3570,1726,888,395,154,55,10,3,0,0,2,14,39,152,334,705,1437,2791,5582,10521,775954
180,727,2897,8099,16269,25570,36505,31254,12507,3737,991,143,15,0,0,0,0,0,0,0,3,24,280,1827,8685,771887,56,318,1132,3226,5865,9873,12112,17417,25642,35653,22330,4283,857,122,8,0,0,0,0,0,0,9,113,998,5957,775629,54616,51459,19396,5500,3484,2028,1230,689,335,121,30,6,0,0,0,2,10,52,134,291,669,1186,2437,5001,9897,763027
220,743,2385,6170,10302,17759,25963,22535,12348,3275,899,148,17,0,0,0,0,0,0,0,1,25,220,1385,6580,810625,39,216,649,2182,4283,6955,8620,14057,22654,25120,14911,2520,495,62,1,0,0,0,0,0,0,6,92,889,4727,813122,32243,40779,17058,5529,3081,1898,1194,581,268,86,36,8,1,2,0,0,4,11,47,190,399,921,1921,3882,8005,803456
119,392,1565,3144,4932,12032,11182,8700,4917,1728,454,74,11,0,0,0,0,0,0,0,1,22,133,870,3987,867337,14,75,266,800,2163,3631,6089,11890,11187,7888,4086,936,197,27,1,0,0,0,0,0,0,6,69,532,2957,868786,17628,16059,6372,2581,3069,1737,978,506,229,70,17,3,1,0,0,0,2,6,31,76,225,473,1057,2330,5276,862874
219,691,2775,4741,9885,14179,18215,19633,10456,3453,983,158,22,0,0,0,0,0,0,0,0,16,201,1435,6074,828464,35,218,672,1705,3756,6761,10106,12469,16092,19078,11086,2744,593,88,7,0,0,0,0,0,0,1,96,850,4251,830992,34218,30627,10313,4190,2645,1651,927,491,225,87,28,8,0,0,0,0,11,34,115,249,512,947,1931,3589,6571,822231
221,774,2462,5428,11563,17043,23312,21017,10109,2785,813,118,17,0,0,0,0,0,0,0,0,13,151,1172,5256,819346,46,229,775,1832,4169,7808,12325,14695,19681,20762,10525,2240,512,57,6,0,0,0,0,0,0,4,69,684,3678,821503,39323,35982,11245,3923,2360,1397,798,362,178,60,24,7,2,1,0,1,7,36,97,226,439,781,1612,2880,5636,814223
208,718,2541,7031,12897,17707,25314,23840,13050,2984,794,119,17,0,0,0,0,0,0,0,0,10,164,1087,5223,807896,41,215,742,2173,4519,9916,12649,15561,22542,22920,12917,2435,526,60,4,0,0,0,0,0,0,1,61,681,3576,810061,43600,41217,13504,4237,2076,1206,729,390,166,63,23,7,2,0,0,4,5,30,91,183,418,724,1456,2892,5999,802578
15,127,451,3479,4100,4369,8272,8647,4731,3982,5363,8232,12911,17489,15990,5267,1024,248,44,11,1,31,291,2119,11536,802870,791,1518,4199,4660,5916,10432,14935,18323,16503,16806,7243,2580,713,121,11,1,0,0,0,0,4,38,426,2752,12649,800979,55954,12553,6720,5378,5825,5583,6271,3928,1762,543,160,62,12,8,16,55,98,165,300,448,895,1348,2504,5418,13150,792444
7,69,269,1805,5158,5096,6827,6169,5829,6103,8570,14392,20101,22748,11883,2210,389,63,13,0,0,20,259,2123,11634,789863,159,972,3978,4835,6302,10910,14439,19367,24952,21383,7239,2428,626,97,14,0,0,0,0,0,1,39,401,2957,13592,786909,60768,14877,9035,9027,7563,5686,4357,3730,1795,613,176,58,16,10,16,49,94,214,323,466,822,1311,2539,5803,14466,777786
27,292,786,1763,2600,2773,3766,6098,6454,6920,10466,17424,24941,33306,14589,2510,409,58,3,1,1,18,208,1500,8897,775790,1156,2242,2932,4310,6462,8982,14818,25368,31906,24325,9394,2491,652,128,20,0,0,0,0,0,3,39,321,1953,9754,774344,88603,13471,6838,7226,5112,3847,4256,3662,1536,469,107,47,8,5,11,19,66,110,226,362,729,1089,2119,4463,11105,766114
16,151,480,1110,2981,5270,7701,7386,5380,4824,5823,10104,19196,21266,16626,3941,714,159,23,2,4,37,345,2396,13234,792431,903,1156,1667,2697,6719,11788,15462,25497,22426,16225,5818,2160,530,94,10,1,0,0,0,0,3,50,474,2902,14446,790572,62114,13920,7164,6171,5178,4311,5816,5226,2322,667,187,63,10,6,9,29,71,147,289,429,863,1179,2296,5663,15409,782061
20,131,428,910,2348,4682,7780,7430,4617,5479,7279,10404,15229,17677,9074,1571,256,54,1,1,2,27,263,2003,10858,813076,717,1186,1760,2592,3669,6405,12873,21918,21376,14559,5757,1963,493,91,11,1,0,0,0,0,2,40,316,2186,11116,812569,48723,11706,4890,4086,5767,4905,6195,6106,2168,612,167,39,6,2,6,26,62,70,167,331,550,857,1745,4386,12462,805566
7,104,278,1377,2783,4344,8553,7113,4884,4954,6034,7926,13179,15646,11505,2931,488,79,9,1,0,28,253,1753,9721,817650,541,924,1286,2590,5599,7447,11723,17696,18582,16298,6860,2022,522,89,16,0,0,0,0,0,1,32,302,2056,10110,816904,49090,10563,4847,4196,4077,5184,4582,6831,2075,584,125,31,8,1,13,21,56,86,177,311,602,990,1856,4099,11120,810075
23,148,416,1721,6800,5615,4475,4128,4058,5086,10100,18194,29968,29868,11326,3067,535,117,18,2,1,17,184,1401,7663,776669,470,1109,2706,7364,10582,13497,18676,19810,26415,23598,7976,2618,700,124,20,0,0,0,0,0,2,27,362,2152,9832,773560,88673,16598,9944,7548,5208,3286,2037,1318,645,268,95,28,16,10,21,57,122,251,382,561,822,1098,2164,4291,9414,766743
5,63,250,3014,4070,6822,11973,9297,7843,7260,9249,13699,15829,10233,4617,926,172,18,4,1,2,28,347,2539,13544,799795,121,269,574,3153,4489,10892,15634,24034,22655,15991,5476,1603,372,72,10,0,0,0,0,0,3,31,381,2646,13313,799881,36925,7710,7665,8976,7229,8769,11284,11342,4066,1119,217,33,10,1,6,18,33,52,134,239,547,940,2156,5947,15625,790557
23,154,612,2766,3726,5681,6877,7850,8165,9433,12684,14692,19215,22027,11924,2468,506,87,11,2,0,34,370,2664,14070,775559,614,1178,2030,4301,9457,13462,16188,21145,26204,21901,8611,2895,774,124,19,0,0,0,0,0,1,36,516,3390,16279,772475,71735,12626,6781,7274,8562,7832,6988,4195,1952,714,172,60,11,5,9,43,104,207,340,531,891,1306,2837,6616,17295,762514
26,213,615,1699,4968,14567,26067,17444,14388,15616,22181,17166,14103,14930,10566,2534,573,120,22,3,4,45,660,4380,22389,716321,725,1225,3646,6810,13010,22367,34097,38730,29459,18017,6908,2112,578,102,13,1,0,0,0,0,1,43,550,3881,19579,719746,92499,12265,5826,8204,8996,9155,10815,16196,10980,2330,437,82,14,4,16,39,63,141,225,373,632,1115,2312,6568,20822,711491
1,11,60,331,1085,1522,2837,4812,5161,5089,5472,6291,8849,14364,15973,9596,3575,818,189,38,9,56,461,3193,17457,814350,58,186,738,1471,3290,4409,7225,10937,17212,22073,11985,4766,1437,256,39,0,0,0,0,0,2,70,598,4215,19783,810850,42858,10755,6704,5432,5437,5130,4170,2936,1595,680,247,114,22,16,32,57,131,300,506,844,1525,2426,4640,10393,23284,791366
1,5,7,25,78,322,1122,2646,4638,5905,6126,8359,12543,13112,12116,6895,2092,432,95,15,4,22,280,2048,12517,830195,21,75,239,922,1738,2626,5096,11152,17364,20278,11179,4329,1249,233,35,2,0,0,0,0,3,47,533,2943,14650,826886,33834,11678,7684,5665,6144,4636,3260,2036,957,416,146,55,26,9,30,71,152,235,408,728,1317,2020,3833,7723,16118,812419
0,2,6,25,73,257,1049,3204,4395,4384,6367,10401,16391,19201,16213,7530,1904,411,67,10,4,26,288,2238,13483,813671,5,26,220,702,1774,3276,7009,14438,18774,24582,13801,5357,1583,291,49,5,0,0,0,0,3,54,554,3366,16098,809633,46672,15084,8727,5595,4861,4451,3154,1796,875,386,170,106,14,9,23,74,146,276,530,964,1636,2468,4536,8820,17478,792749
0,0,3,4,53,351,2291,6261,6898,7195,12534,23752,31309,34907,20853,4759,675,100,10,1,1,6,141,1396,8457,759643,0,0,3,24,2855,13249,15682,21569,28546,40257,23440,4891,1193,221,26,0,0,0,0,0,1,26,296,1977,9486,757858,95617,24837,10687,5683,4966,3815,2806,2139,991,306,76,29,7,7,19,33,96,166,337,537,1088,1614,2764,5356,11185,746439
2,6,25,141,389,1634,4532,4286,4264,4005,5652,9881,17721,24160,26646,9306,2418,500,101,11,2,28,358,2743,15972,786817,22,97,567,1517,3599,6612,9262,14421,20463,29387,19711,7362,2144,450,63,3,0,0,0,0,2,65,641,4254,19684,781274,69270,13802,8183,7651,5427,3979,3116,2133,1187,561,211,123,30,20,52,116,214,408,713,1100,2008,2833,5196,9812,20879,762576
0,8,27,182,1268,3868,6147,9150,9911,9699,14941,26637,37214,36410,15083,3942,977,223,22,0,2,36,375,2827,16147,726504,29,143,724,1520,5073,11107,19339,31680,37265,38365,20517,7233,2244,415,52,4,0,0,0,0,2,56,611,4068,18974,722179,110748,22097,10390,7653,6684,5929,5566,3696,1902,689,226,88,36,18,47,107,216,385,658,1008,1927,2618,4585,9072,19923,705332
0,3,18,55,93,228,574,2084,2704,2275,3473,6460,11041,14681,9786,2948,838,225,34,10,1,20,237,1540,9186,853086,2,12,42,374,1159,1886,3931,6914,11394,17985,9213,3421,1001,171,23,1,0,0,0,0,3,31,375,2378,11244,850040,30102,7925,4749,3545,3580,3134,2093,1252,646,267,150,63,17,12,9,48,94,181,347,609,1094,1743,2989,5930,12091,838930
0,0,10,46,155,717,2217,3549,4701,4642,6023,12860,19894,21111,10142,2775,548,101,20,2,3,20,267,2015,11351,818431,18,62,249,591,1045,2013,4969,11404,20798,26086,14663,5523,1737,304,48,3,0,0,0,0,2,40,468,3159,14617,813801,48982,11647,6666,4442,3850,4363,4460,2888,1412,524,167,88,24,9,21,83,149,282,520,901,1510,2196,3981,7642,15898,798895
0,0,5,27,242,273,504,814,1221,1653,2559,4097,6427,7183,4659,1710,394,92,11,1,1,12,115,984,6844,881772,29,116,478,658,1027,1443,1862,3082,5353,8202,6159,2531,784,136,11,1,0,0,0,0,0,24,250,1757,8225,879472,15407,4729,3172,2392,1957,1491,1177,762,440,196,90,44,12,9,11,25,66,140,266,442,921,1365,2480,4645,9385,869976
7,38,185,523,1634,6689,9847,5604,6480,9672,14294,15874,14027,10952,7370,2142,488,116,18,6,1,28,203,1750,9687,803965,40,130,490,1708,3007,7089,17566,24019,20535,17959,8917,3369,927,178,32,0,0,0,0,0,0,27,368,2422,11293,801524,59219,8884,4808,3822,3894,9164,10810,3358,1397,451,113,37,7,6,16,48,102,222,360,560,993,1407,2636,5304,11972,792010
